ET - 0,0 1,0
ASS - 2,1 3,1 4,1

OP - 0,4 1,4
FIR - 2,4 3,4 4,4


FENNEF - 6,1 7,1 8,1 9,1 10,1 11,1
ZENG - 12,0 12,1 12,2 12,3 12,4
VEIEREL - 5,0 6,0 7,0 8,0 9,0 10, 11,0
ZWANZEG - 6,3 7,3 8,3 9,3 10,3 11,3 12,3
HALWER - 7,4 8,4 9,4 10,4 11,4 12,4

ENG - 3,7 4,7 5,7
ZWOU - 1,6 1,7 1,8 1,9 
DRAI - 2,9 3,9 4,9 5,9
VEIER - 8,7 9,7 10,7 11,7 12,7
FENNEF - 7,6 8,6 9,6 10,6 11,6 12,6 
SECHS - 0,6 0,7 0,8 0,9 0,10
SIEWEN - 0,10 1,10 2,10 3,10 4,10 5,10
AACHT - 8,8 9,8 10,8 11,8 12,8 
NENG - 2,7 3,7 4,7 5,7
ZENG - 7,7 7,8 7,9 7,10
EELEF - 6,6 6,7 6,8 6,9 6,10
ZWIELEF - 1,6 2,6 3,6 4,6 5,6 6,6 7,6 

AUER - 8,10 9,10 11,10 12,10


EXTRA:
DAG - 10,9 11,9 12,9
KINNEKS - 2,6 3,7 4,8 5,9 6,10 7,11, 8,12 
CHRESCHT - 4,5 5,5 6,5 7,5 8,5 9,5 10,5 11,5
BRETZEL - 0,2 1,2 2,2 3,2 4,2 5,2 6,2 
SONDEN - 7,2 8,2 9,2 10,2 11,2 12,2
NATIONAL - 0,3 1,3 2,3 3,3 4,3 5,3 5,4 6,4
LIICHT - 0,1 1,1 2,0 3,0 4,0 5,1 
MES - 2,8 3,8 4,8
GRAF - 12,5 12,6 12,7 12,8
NOSS - 0,3 0,4 0,5 0,6
SAK - 0,5 1,5 2,5
KACH - 1,5 2,5 3,5 4,5
DE - 2,10 3,11

combinations: 
DRAI + KINNEKS  + DAG 
CHRESCHT + DAG
BRETZEL + SONDEN
NATIONAL + VEIER + DAG
LIICHT + MESS + Dag